package mkai.search.symbolic.t3;

import mkai.search.symbolic.*;

import java.util.*;

public class Practical {

    final static double[][] distances = { // 22x22
        {0.0,  2.0,  6.5,  6.2,  4.7,  3.1,  1.6,  5.7,  4.7,  3.2,  5.5,  6.7,  4.4,  2.1,  5.6,  2.3,  1.4,  2.0,  7.8,  7.8,  5.9,  6.7},
        {2.0,  0.0,  6.2,  6.5,  6.5,  4.2,  3.0,  7.6,  6.7,  5.1,  7.5,  8.5,  4.8,  3.7,  7.5,  3.1,  1.4,  4.0,  9.2,  9.2,  6.4,  8.4},
        {6.5,  6.2,  0.0,  2.0,  7.2,  4.2,  5.5,  9.9,  9.9,  6.9,  8.9, 12.7, 10.8,  8.5, 10.8,  8.6,  7.1,  7.5, 13.9, 14.1, 12.3, 12.7},
        {6.2,  6.5,  2.0,  0.0,  5.6,  3.2,  4.8,  8.5,  8.7,  5.6,  7.3, 11.6, 10.4,  7.9,  9.5,  8.3,  7.1,  6.6, 12.9, 13.3, 12.1, 11.7},
        {4.7,  6.5,  7.2,  5.6,  0.0,  3.5,  3.5,  3.0,  3.6,  1.5,  1.7,  6.6,  7.0,  4.8,  4.1,  5.8,  6.0,  3.2,  7.8,  8.5,  8.7,  6.7},
        {3.1,  4.2,  4.2,  3.2,  3.5,  0.0,  1.8,  5.9,  5.8,  2.6,  5.0,  8.5,  7.2,  4.7,  6.6,  5.3,  4.3,  3.5,  9.7, 10.1,  9.0,  8.6},
        {1.6,  3.0,  5.5,  4.8,  3.5,  1.8,  0.0,  5.2,  4.6,  2.0,  4.6,  7.2,  5.6,  3.1,  5.5,  3.5,  3.0,  2.0,  8.3,  8.5,  7.2,  7.1},
        {5.7,  7.6,  9.9,  8.5,  3.0,  5.9,  5.2,  0.0,  1.5,  3.2,  1.5,  3.9,  5.8,  4.5,  1.4,  5.6,  6.7,  3.8,  5.2,  5.9,  7.2,  4.2},
        {4.7,  6.7,  9.9,  8.7,  3.6,  5.8,  4.6,  1.5,  0.0,  3.0,  2.7,  3.0,  4.2,  3.2,  1.0,  4.3,  5.5,  2.8,  4.2,  4.8,  5.7,  3.1},
        {3.2,  5.1,  6.9,  5.6,  1.5,  2.6,  2.0,  3.2,  3.0,  0.0,  2.5,  6.0,  5.6,  3.3,  3.8,  4.3,  4.5,  1.7,  7.2,  7.7,  7.3,  6.1},
        {5.5,  7.5,  8.9,  7.3,  1.7,  5.0,  4.6,  1.5,  2.7,  2.5,  0.0,  5.4,  6.7,  5.0,  2.9,  6.1,  6.7,  3.7,  6.7,  7.4,  8.7,  5.8},
        {6.7,  8.5, 12.7, 11.6,  6.6,  8.5,  7.2,  3.9,  3.0,  6.0,  5.4,  0.0,  4.1,  4.7,  2.5,  5.5,  7.2,  5.3,  1.2,  2.1,  4.8,  0.6},
        {4.4,  4.8, 10.8, 10.4,  7.0,  7.2,  5.6,  5.8,  4.2,  5.6,  6.7,  4.1,  0.0,  2.5,  4.7,  2.3,  4.0,  3.9,  4.4,  4.0,  1.7,  3.6},
        {2.1,  3.7,  8.5,  7.9,  4.8,  4.7,  3.1,  4.5,  3.2,  3.3,  5.0,  4.7,  2.5,  0.0,  4.1,  1.1,  2.4,  1.4,  5.7,  5.7,  4.2,  4.6},
        {5.6,  7.5, 10.8,  9.5,  4.1,  6.6,  5.5,  1.4,  1.0,  3.8,  2.9,  2.5,  4.7,  4.1,  0.0,  5.1,  6.4,  3.8,  3.8,  4.5,  6.2,  2.9},
        {2.3,  3.1,  8.6,  8.3,  5.8,  5.3,  3.5,  5.6,  4.3,  4.3,  6.1,  5.5,  2.3,  1.1,  5.1,  0.0,  2.0,  2.5,  6.2,  6.1,  3.8,  5.2},
        {1.4,  1.4,  7.1,  7.1,  6.0,  4.3,  3.0,  6.7,  5.5,  4.5,  6.7,  7.2,  4.0,  2.4,  6.4,  2.0,  0.0,  3.0,  8.0,  7.9,  5.4,  7.0},
        {2.0,  4.0,  7.5,  6.6,  3.2,  3.5,  2.0,  3.8,  2.8,  1.7,  3.7,  5.3,  3.9,  1.4,  3.8,  2.5,  3.0,  0.0,  6.5,  6.5,  5.8,  5.2},
        {7.8,  9.2, 13.9, 12.9,  7.8,  9.7,  8.3,  5.2,  4.2,  7.2,  6.7,  1.2,  4.4,  5.7,  3.8,  6.2,  8.0,  6.5,  0.0,  1.1,  4.9,  1.2},
        {7.8,  9.2, 14.1, 13.3,  8.5, 10.1,  8.5,  5.9,  4.8,  7.7,  7.4,  2.1,  4.0,  5.7,  4.5,  6.1,  7.9,  6.5,  1.1,  0.0,  4.1,  1.8},
        {5.9,  6.4, 12.3, 12.1,  8.7,  9.0,  7.2,  7.2,  5.7,  7.3,  8.7,  4.8,  1.7,  4.2,  6.2,  3.8,  5.4,  5.8,  4.9,  4.1,  0.0,  4.5},
        {6.7,  8.4, 12.7, 11.7,  6.7,  8.6,  7.1,  4.2,  3.1,  6.1,  5.8,  0.6,  3.6,  4.6,  2.9,  5.2,  7.0,  5.2,  1.2,  1.8,  4.5,  0.0}
    };

    final static int[][] visibility = { // 22x22
        {0,1,0,1,1,1,1,0,0,1,0,0,0,0,0,0,1,1,0,0,0,0},
        {1,0,1,0,0,0,0,0,0,0,0,0,1,0,0,0,1,1,0,0,1,0},
        {0,1,0,1,0,0,0,0,0,0,0,0,0,0,0,0,0,0,0,0,0,0},
        {1,0,1,0,1,1,1,0,0,0,1,0,0,0,0,0,0,0,0,0,0,0},
        {1,0,0,1,0,1,1,0,0,1,1,0,0,0,0,0,1,0,0,0,0,0},
        {1,0,0,1,1,0,1,0,0,0,0,0,0,0,0,0,0,0,0,0,0,0},
        {1,0,0,1,1,1,0,0,1,1,1,0,0,0,0,0,0,1,0,0,0,0},
        {0,0,0,0,0,0,0,0,1,0,1,1,0,0,1,0,0,0,1,0,0,0},
        {0,0,0,0,0,0,1,1,0,1,0,0,0,1,1,0,0,1,0,0,0,0},
        {1,0,0,0,1,0,1,0,1,0,1,0,0,0,0,0,1,1,0,0,0,0},
        {0,0,0,1,1,0,1,1,0,1,0,0,0,0,0,0,0,0,0,0,0,0},
        {0,0,0,0,0,0,0,1,0,0,0,0,1,0,1,0,0,0,1,0,1,1},
        {0,1,0,0,0,0,0,0,0,0,0,1,0,1,0,1,1,0,0,0,1,1},
        {0,0,0,0,0,0,0,0,1,0,0,0,1,0,1,1,0,1,0,0,1,0},
        {0,0,0,0,0,0,0,1,1,0,0,1,0,1,0,0,0,0,1,0,0,0},
        {0,0,0,0,0,0,0,0,0,0,0,0,1,1,0,0,1,1,0,0,1,0},
        {1,1,0,0,1,0,0,0,0,1,0,0,1,0,0,1,0,1,0,0,1,0},
        {1,1,0,0,0,0,1,0,1,1,0,0,0,1,0,1,1,0,0,0,0,0},
        {0,0,0,0,0,0,0,1,0,0,0,1,0,0,1,0,0,0,0,1,0,1},
        {0,0,0,0,0,0,0,0,0,0,0,0,0,0,0,0,0,0,1,0,1,0},
        {0,1,0,0,0,0,0,0,0,0,0,1,1,1,0,1,1,0,0,1,0,1},
        {0,0,0,0,0,0,0,0,0,0,0,1,1,0,0,0,0,0,1,0,1,0}
    };

    final static List<Vertex> vertices = Collections.unmodifiableList(createVertices());

    public final static Function<Vertex, Double> getDistanceFunction(final int goalIndex) {
        return new Function<Vertex, Double>() {
            public Double apply(Vertex input) {
                return input.distanceTo(Practical.vertices.get(goalIndex));
            }
        };
    }

    public static void main(String[] args) {
        /**
         * Start/Goal pairs
         */
        int[][] vertices = {
                {3, 19},
                {1, 3},
                {7, 12}
        };

        for (int i = 0; i < vertices.length; ++i) {
            final int startIndex = vertices[i][0] - 1;
            final int goalIndex = vertices[i][1] - 1;
            Function<Vertex, Double> goalDistance = getDistanceFunction(goalIndex);
            List<Search<Vertex>> searches = Arrays.asList(
                    new BreadthFirst<Vertex>(),
                    new DepthFirst<Vertex>(),
                    new UniformCost<Vertex>(),
                    new GreedyBestFirst<Vertex>(goalDistance),
                    new AStar<Vertex>(goalDistance));

            System.out.println("\n|>> Searching paths from " + (startIndex + 1) +
                    " to " + (goalIndex + 1));

            for (Search<Vertex> search : searches) {
                SearchTree<Vertex> goal = findShortestPath(startIndex, goalIndex, search);

                if (goal != null) {
                    List<String> path = new LinkedList<String>();
                    for (Vertex vertex : goal.getRootPathValues()) {
                        path.add((vertex.getIndex() + 1) + "");
                    }
                    String info = "";

                    if (goal.getExpander() instanceof CountingExpander) {
                        info = "(" + ((CountingExpander) goal.getExpander()).getExpandedNodes() +
                                " nodes expanded)";
                    }

                    System.out.printf("%16s found path for %3.2f: %s %s%n",
                            search.getClass().getSimpleName(), goal.getTotalCost(), path, info);
                } else {
                    System.out.printf("%16s count not find the goal%n");
                }
            }
        }
    }

    public static double costi(int... indices) {
        double cost = 0;
        for (int i = 1; i < indices.length; ++i) {
            cost += getVertices().get(i - 1).distanceTo(getVertices().get(i));
        }

        return cost;
    }

    public static double cost(int... vertices) {
        for (int i = 0; i < vertices.length; ++i) {
            vertices[i] -= 1;
        }

        return costi(vertices);
    }

    public static SearchTree<Vertex> findShortestPath(int origin, int goal, Search<Vertex> search) {
        SearchTree<Vertex> vertices = createSearchTree(origin);
        Predicate<Vertex> isGoal = new Vertex.Predicate(goal);
        SearchTree<Vertex> goalNode = search.find(isGoal, vertices);

        return goalNode;
    }

    public static SearchTree<Vertex> createSearchTree(int origin) {
        List<Vertex> vertices = Practical.vertices;
        SearchTree<Vertex> tree = SearchTree.createRoot(vertices.get(origin), new Vertex.Expander());

        return tree;
    }

    private static List<Vertex> createVertices() {
        List<Vertex> vertices = new ArrayList<Vertex>(distances.length);
        for (int i = 0; i < distances.length; ++i) {
            vertices.add(new Vertex(i));
        }
        return vertices;
    }

    public static List<Vertex> getVertices() {
        return vertices;
    }

}
